0    00000000  0     0       0        00000000  0
clk  p_in      s_in  load_n  shift_n  p_out     error
=====================================================
1    00000000  0     0       1        00000000  0
1    00000001  0     0       1        00000001  0
1    00000010  0     0       1        00000010  0
1    00000011  0     0       1        00000011  0
1    00000100  0     0       1        00000100  0
1    00000101  0     0       1        00000101  0
1    00000110  0     0       1        00000110  0
1    00000111  0     0       1        00000111  0
1    00001000  0     0       0        00001000  0
1    00001001  0     0       0        00001001  0
